40
16 1
18 1
25 1
29 1
34 1
8 2
9 2
20 2
13 3
35 3
39 3
8 4
12 4
14 4
15 4
23 4
32 4
4 5
22 5
29 5
30 5
31 5
34 5
5 6
14 6
24 6
30 6
34 6
36 6
1 7
16 7
18 7
37 7
40 7
3 8
33 8
37 8
39 8
8 9
22 9
25 9
1 10
22 10
24 10
27 10
36 10
40 10
17 11
20 11
30 11
32 11
35 11
39 11
7 12
9 12
16 12
4 13
5 13
20 13
27 13
4 14
10 14
29 14
37 14
13 15
28 15
3 16
12 16
28 16
10 17
11 17
27 17
37 17
12 18
32 18
36 18
3 19
10 19
21 19
23 19
5 20
16 20
26 20
32 20
6 21
30 21
6 22
10 22
23 22
27 22
2 23
7 23
14 23
15 23
22 23
30 23
36 23
3 24
10 24
12 24
15 24
21 24
34 24
7 25
12 25
30 25
14 26
18 26
22 26
32 26
33 26
2 27
7 27
25 27
36 27
16 28
18 28
19 28
29 28
18 29
39 29
40 29
12 30
23 30
34 30
13 31
18 31
26 31
11 32
17 32
21 32
30 32
40 32
9 33
10 33
16 33
39 33
11 34
14 34
29 34
3 35
9 35
14 35
23 35
36 35
39 35
6 36
8 36
16 36
20 36
26 36
28 36
33 36
9 37
13 37
15 37
25 37
28 37
4 38
16 38
9 39
13 39
23 39
29 39
30 39
37 39
38 39
1 40
2 40
10 40
13 40
15 40
17 40
