40
26 2
13 3
16 3
17 3
31 3
39 3
40 3
12 4
27 4
19 5
24 5
33 5
5 6
32 6
35 6
15 7
19 7
14 10
18 10
21 10
10 11
12 11
14 11
20 11
21 11
28 11
35 11
13 12
15 12
24 12
35 13
37 13
40 13
35 15
3 16
15 16
19 16
34 17
2 20
5 20
15 20
22 20
36 20
37 20
40 20
7 21
2 22
7 23
27 23
12 24
27 24
37 25
39 25
12 27
25 27
40 27
3 29
13 29
19 29
22 29
25 29
26 29
27 29
30 29
6 30
7 30
8 30
24 30
25 30
15 32
36 32
37 32
40 32
40 33
1 34
40 34
7 35
12 35
16 35
30 35
23 37
26 37
27 37
31 37
32 37
16 38
19 38
35 38
36 38
37 38
5 39
13 39
19 39
30 39
23 40
26 40
