40
7 1
11 1
19 1
21 1
26 1
31 1
37 1
39 1
14 2
19 2
22 2
39 2
5 3
11 3
13 3
18 3
25 3
27 3
38 3
39 3
11 4
12 4
17 4
29 4
38 4
40 4
2 5
10 5
11 5
15 5
21 5
26 5
30 5
16 6
40 6
28 7
4 8
10 8
19 8
40 8
7 9
15 9
18 9
19 9
25 10
31 10
12 11
13 11
20 11
37 11
2 12
6 12
7 12
17 12
20 12
25 12
40 12
26 13
2 14
3 14
5 14
16 14
25 14
30 14
31 14
37 14
12 15
22 15
26 15
32 15
36 15
40 15
10 16
19 16
37 16
38 16
1 17
8 17
11 17
16 17
19 17
20 17
25 17
37 17
3 18
5 18
7 18
14 18
29 18
31 18
33 18
2 19
14 19
25 19
28 19
6 20
11 20
17 20
22 20
6 21
7 21
8 21
13 21
13 22
14 22
16 22
24 22
5 23
17 23
19 23
21 23
33 23
35 23
40 23
7 24
19 24
33 24
1 25
8 25
11 25
13 25
21 25
28 25
11 26
13 26
20 26
25 26
39 26
3 27
9 27
12 27
14 27
19 27
21 27
28 27
35 27
37 27
9 28
27 28
2 29
35 29
6 30
10 30
23 30
26 30
27 30
36 30
38 30
39 30
3 31
13 31
25 31
35 31
5 32
8 32
24 32
25 32
37 32
5 33
27 33
29 33
39 33
8 34
9 34
22 34
32 34
5 35
11 35
32 35
33 35
36 35
7 36
9 36
13 36
16 36
20 36
22 36
26 36
27 36
28 36
14 37
20 37
28 37
29 37
30 37
20 38
23 38
31 38
39 38
40 38
2 39
3 39
23 39
28 39
3 40
8 40
31 40
37 40
