40
4 1
6 1
7 1
8 1
13 1
22 1
23 1
24 1
32 1
35 1
6 2
8 2
12 2
14 2
15 2
16 2
19 2
21 2
25 2
27 2
32 2
33 2
34 2
39 2
1 3
4 3
7 3
9 3
12 3
24 3
32 3
38 3
2 4
6 4
7 4
8 4
10 4
13 4
22 4
23 4
26 4
27 4
33 4
35 4
40 4
1 5
6 5
7 5
10 5
13 5
16 5
17 5
18 5
24 5
31 5
32 5
33 5
39 5
5 6
7 6
10 6
11 6
16 6
20 6
30 6
31 6
39 6
40 6
3 7
8 7
9 7
12 7
14 7
16 7
18 7
21 7
33 7
34 7
35 7
36 7
6 8
7 8
15 8
17 8
19 8
23 8
24 8
25 8
29 8
34 8
15 9
27 9
29 9
33 9
34 9
40 9
1 10
2 10
3 10
5 10
6 10
20 10
22 10
24 10
37 10
38 10
40 10
1 11
10 11
16 11
20 11
22 11
26 11
28 11
31 11
38 11
1 12
4 12
5 12
7 12
15 12
17 12
21 12
22 12
24 12
26 12
27 12
28 12
29 12
32 12
39 12
40 12
1 13
3 13
12 13
16 13
17 13
21 13
22 13
28 13
31 13
32 13
1 14
3 14
9 14
10 14
12 14
15 14
19 14
23 14
24 14
26 14
27 14
29 14
30 14
31 14
38 14
39 14
1 15
4 15
7 15
21 15
23 15
25 15
29 15
31 15
32 15
35 15
36 15
38 15
1 16
4 16
5 16
6 16
7 16
9 16
11 16
15 16
29 16
30 16
32 16
35 16
37 16
2 17
3 17
9 17
12 17
20 17
35 17
38 17
39 17
4 18
7 18
8 18
9 18
11 18
16 18
22 18
23 18
24 18
26 18
28 18
30 18
38 18
39 18
1 19
5 19
6 19
17 19
24 19
27 19
31 19
33 19
34 19
35 19
4 20
7 20
8 20
12 20
14 20
15 20
24 20
25 20
30 20
32 20
40 20
7 21
11 21
12 21
15 21
16 21
17 21
19 21
22 21
23 21
24 21
25 21
26 21
40 21
1 22
4 22
5 22
14 22
15 22
24 22
25 22
32 22
33 22
36 22
2 23
3 23
5 23
11 23
12 23
15 23
20 23
21 23
22 23
25 23
27 23
28 23
30 23
33 23
37 23
39 23
40 23
3 24
10 24
12 24
15 24
17 24
21 24
31 24
32 24
33 24
35 24
37 24
2 25
3 25
4 25
6 25
8 25
10 25
11 25
15 25
17 25
18 25
22 25
23 25
36 25
4 26
7 26
10 26
14 26
16 26
17 26
21 26
29 26
31 26
38 26
3 27
6 27
9 27
10 27
11 27
13 27
20 27
26 27
28 27
33 27
36 27
39 27
4 28
7 28
8 28
9 28
11 28
12 28
14 28
15 28
16 28
17 28
18 28
24 28
27 28
32 28
39 28
1 29
4 29
7 29
8 29
12 29
13 29
21 29
23 29
38 29
40 29
6 30
10 30
16 30
21 30
22 30
27 30
28 30
35 30
38 30
4 31
5 31
8 31
11 31
13 31
14 31
18 31
23 31
25 31
26 31
32 31
5 32
8 32
15 32
16 32
22 32
24 32
25 32
27 32
31 32
39 32
7 33
12 33
16 33
19 33
27 33
28 33
32 33
37 33
40 33
3 34
5 34
6 34
16 34
18 34
21 34
22 34
31 34
38 34
40 34
3 35
4 35
5 35
7 35
10 35
11 35
14 35
18 35
21 35
24 35
33 35
34 35
37 35
1 36
4 36
6 36
11 36
13 36
26 36
28 36
34 36
35 36
37 36
38 36
40 36
1 37
3 37
7 37
9 37
20 37
26 37
29 37
31 37
36 37
1 38
2 38
3 38
6 38
7 38
8 38
10 38
15 38
20 38
21 38
29 38
32 38
33 38
34 38
40 38
8 39
10 39
11 39
12 39
15 39
21 39
22 39
30 39
31 39
32 39
34 39
36 39
40 39
2 40
13 40
14 40
22 40
27 40
32 40
33 40
35 40
