40
4 1
5 1
10 1
14 1
15 1
21 1
23 1
24 1
25 1
31 1
32 1
36 1
8 2
15 2
16 2
23 2
27 2
33 2
36 2
37 2
39 2
1 3
4 3
6 3
9 3
12 3
13 3
16 3
20 3
21 3
22 3
30 3
31 3
33 3
35 3
36 3
2 4
8 4
12 4
14 4
19 4
23 4
28 4
34 4
35 4
3 5
4 5
8 5
9 5
12 5
13 5
14 5
15 5
24 5
25 5
33 5
36 5
40 5
9 6
13 6
22 6
26 6
31 6
33 6
34 6
39 6
40 6
5 7
8 7
10 7
15 7
16 7
17 7
21 7
24 7
27 7
35 7
37 7
39 7
1 8
2 8
5 8
7 8
12 8
17 8
20 8
21 8
23 8
24 8
25 8
28 8
29 8
30 8
34 8
37 8
40 8
4 9
7 9
14 9
16 9
18 9
19 9
23 9
27 9
30 9
34 9
3 10
11 10
12 10
15 10
17 10
18 10
19 10
20 10
22 10
24 10
26 10
28 10
34 10
35 10
36 10
40 10
6 11
12 11
13 11
16 11
18 11
24 11
27 11
30 11
38 11
2 12
3 12
6 12
13 12
19 12
23 12
24 12
27 12
28 12
32 12
34 12
39 12
1 13
5 13
7 13
22 13
33 13
40 13
3 14
4 14
6 14
9 14
10 14
11 14
13 14
19 14
21 14
22 14
26 14
27 14
37 14
1 15
2 15
3 15
4 15
6 15
7 15
9 15
10 15
14 15
16 15
19 15
23 15
24 15
26 15
31 15
32 15
35 15
37 15
1 16
3 16
4 16
7 16
9 16
11 16
17 16
21 16
25 16
30 16
31 16
33 16
38 16
4 17
6 17
13 17
21 17
25 17
29 17
30 17
31 17
33 17
36 17
37 17
39 17
40 17
1 18
4 18
7 18
14 18
17 18
22 18
23 18
32 18
33 18
35 18
8 19
15 19
17 19
25 19
28 19
35 19
36 19
1 20
2 20
7 20
22 20
26 20
2 21
5 21
8 21
14 21
18 21
20 21
22 21
25 21
26 21
27 21
29 21
31 21
32 21
33 21
35 21
5 22
6 22
10 22
15 22
17 22
20 22
24 22
35 22
2 23
11 23
15 23
21 23
22 23
28 23
30 23
33 23
39 23
40 23
1 24
3 24
10 24
11 24
16 24
18 24
27 24
32 24
38 24
5 25
6 25
7 25
10 25
13 25
17 25
19 25
21 25
24 25
26 25
27 25
28 25
29 25
31 25
32 25
33 25
35 25
2 26
9 26
10 26
13 26
18 26
20 26
22 26
23 26
38 26
1 27
2 27
3 27
4 27
10 27
16 27
22 27
29 27
30 27
33 27
36 27
37 27
38 27
7 28
9 28
16 28
18 28
20 28
31 28
32 28
33 28
34 28
38 28
2 29
3 29
5 29
9 29
11 29
15 29
16 29
19 29
21 29
26 29
33 29
35 29
36 29
5 30
6 30
7 30
8 30
9 30
11 30
12 30
13 30
14 30
15 30
17 30
21 30
25 30
28 30
29 30
37 30
38 30
1 31
2 31
3 31
9 31
14 31
15 31
17 31
22 31
25 31
26 31
27 31
29 31
30 31
32 31
36 31
37 31
39 31
9 32
10 32
12 32
14 32
15 32
16 32
17 32
18 32
22 32
24 32
25 32
26 32
27 32
28 32
29 32
36 32
39 32
7 33
8 33
16 33
21 33
22 33
24 33
29 33
30 33
34 33
1 34
7 34
14 34
17 34
25 34
30 34
32 34
35 34
37 34
39 34
40 34
3 35
4 35
6 35
13 35
16 35
24 35
25 35
26 35
31 35
34 35
1 36
2 36
3 36
8 36
9 36
14 36
18 36
24 36
26 36
28 36
30 36
34 36
5 37
6 37
8 37
11 37
13 37
14 37
18 37
19 37
23 37
35 37
40 37
6 38
7 38
8 38
23 38
26 38
29 38
32 38
2 39
3 39
4 39
7 39
8 39
9 39
10 39
14 39
18 39
19 39
22 39
23 39
29 39
31 39
34 39
36 39
1 40
2 40
4 40
10 40
12 40
19 40
23 40
24 40
26 40
27 40
29 40
31 40
32 40
36 40
37 40
