40
6 1
9 1
30 1
34 1
37 1
13 2
18 2
20 2
23 2
24 2
26 2
29 2
37 2
7 3
10 3
14 3
18 3
25 3
26 3
30 3
35 3
6 4
10 4
11 4
12 4
20 4
32 4
33 4
1 5
9 5
27 5
29 5
30 5
34 5
36 5
38 5
5 6
21 6
25 6
26 6
28 6
29 6
30 6
35 6
36 6
3 7
11 7
38 7
6 8
9 8
20 8
21 8
31 8
35 8
8 9
12 9
20 9
21 9
31 9
35 9
38 9
5 10
8 10
20 10
34 10
36 10
5 11
10 11
13 11
17 11
35 11
4 12
10 12
11 12
39 12
11 13
15 13
18 13
20 13
29 13
36 13
38 13
19 14
22 14
24 14
30 14
6 15
18 15
24 15
27 15
30 15
31 15
7 16
8 16
11 16
15 16
22 16
25 16
28 16
29 16
2 17
7 17
9 17
20 17
23 17
30 17
34 17
1 18
3 18
9 18
17 18
34 18
40 18
12 19
16 19
27 19
28 19
29 19
36 19
38 19
12 20
18 20
34 20
38 20
39 20
11 21
13 21
18 21
22 21
27 21
28 21
29 21
2 22
5 22
14 22
16 22
23 22
4 23
15 23
21 23
26 23
27 23
28 23
31 23
7 24
17 24
29 24
32 24
35 24
6 25
7 25
16 25
20 25
23 25
36 25
16 26
18 26
22 26
32 26
39 26
10 27
12 27
14 27
20 27
32 27
38 27
5 28
11 28
14 28
18 28
35 28
40 28
4 29
9 29
12 29
18 29
19 29
28 29
30 29
32 29
9 30
11 30
17 30
35 30
6 31
14 31
23 31
2 32
7 32
9 32
14 32
20 32
28 32
38 32
2 33
7 33
35 33
39 33
2 34
9 34
10 34
12 34
17 34
24 34
6 35
12 35
20 35
21 35
25 35
28 35
31 35
33 35
2 36
4 36
11 36
19 36
27 36
35 36
2 37
4 37
11 37
18 37
19 37
20 37
26 37
34 37
39 37
2 38
4 38
6 38
8 38
19 38
26 38
2 39
3 39
9 39
10 39
12 39
18 39
19 39
21 39
34 39
3 40
8 40
13 40
15 40
19 40
20 40
32 40
36 40
38 40
