40
22 1
25 1
30 1
34 1
36 1
37 1
22 2
23 2
24 2
26 2
27 2
34 2
35 2
40 2
21 3
27 3
28 3
34 3
35 3
22 4
25 4
27 4
34 4
37 4
38 4
40 4
21 5
24 5
25 5
28 5
33 5
34 5
37 5
39 5
40 5
22 6
24 6
26 6
27 6
30 6
31 6
36 6
37 6
38 6
39 6
21 7
24 7
26 7
27 7
35 7
39 7
37 8
39 8
27 9
28 9
32 9
36 9
38 9
39 9
40 9
22 10
23 10
27 10
28 10
29 10
33 10
37 10
38 10
22 11
25 11
33 11
36 11
40 11
21 12
22 12
24 12
26 12
27 12
35 12
21 13
22 13
23 13
25 13
29 13
37 13
39 13
23 14
27 14
28 14
31 14
32 14
33 14
35 14
21 15
22 15
28 15
29 15
30 15
34 15
38 15
40 15
24 16
25 16
29 16
34 16
35 16
36 16
38 16
40 16
22 17
23 17
25 17
27 17
29 17
32 17
35 17
36 17
37 17
39 17
40 17
21 18
24 18
27 18
31 18
32 18
37 18
38 18
29 19
30 19
32 19
34 19
36 19
38 19
40 19
22 20
25 20
28 20
29 20
34 20
37 20
1 21
2 21
8 21
9 21
16 21
17 21
20 21
2 22
3 22
4 22
5 22
6 22
9 22
11 22
19 22
20 22
5 23
6 23
7 23
12 23
16 23
17 23
19 23
9 24
15 24
2 25
3 25
7 25
10 25
11 25
14 25
18 25
1 26
5 26
6 26
15 26
17 26
3 27
4 27
6 27
8 27
10 27
11 27
12 27
18 27
19 27
20 27
1 28
4 28
6 28
10 28
13 28
14 28
15 28
19 28
7 29
8 29
9 29
13 29
15 29
19 29
1 30
3 30
11 30
16 30
17 30
20 30
3 31
5 31
9 31
13 31
14 31
2 32
4 32
6 32
9 32
10 32
12 32
19 32
3 33
5 33
6 33
11 33
12 33
17 33
20 33
3 34
4 34
7 34
8 34
10 34
11 34
19 34
20 34
6 35
7 35
17 35
18 35
19 35
20 35
1 36
2 36
7 36
8 36
13 36
17 36
18 36
19 36
20 36
2 37
13 37
15 37
20 37
1 39
2 39
5 39
6 39
8 39
9 39
10 39
12 39
1 40
2 40
8 40
14 40
16 40
