40
24 1
26 1
27 1
29 1
32 1
33 1
38 1
21 2
29 2
30 2
39 2
40 2
27 3
29 3
30 3
36 3
38 3
23 4
24 4
27 4
28 4
31 4
35 4
31 5
33 5
34 5
35 5
36 5
37 5
39 5
40 5
21 6
22 6
24 6
26 6
28 6
31 6
34 6
35 6
24 7
25 7
27 7
28 7
31 7
33 7
40 7
21 8
27 8
30 8
31 8
33 8
34 8
37 8
40 8
21 9
26 9
29 9
30 9
32 9
33 9
34 9
35 9
39 9
26 10
36 10
37 10
39 10
21 11
25 11
26 11
27 11
22 12
28 12
29 12
30 12
35 12
37 12
38 12
21 13
24 13
27 13
29 13
30 13
31 13
36 13
37 13
38 13
39 13
21 14
22 14
23 14
25 14
26 14
27 14
29 14
35 14
38 14
25 15
26 15
27 15
31 15
32 15
37 15
38 15
39 15
23 16
25 16
28 16
38 16
39 16
22 17
23 17
24 17
26 17
27 17
34 17
37 17
39 17
23 18
24 18
34 18
36 18
37 18
39 18
26 19
27 19
28 19
34 19
37 19
38 19
27 20
30 20
32 20
36 20
2 21
4 21
10 21
11 21
12 21
13 21
18 21
19 21
20 21
5 22
9 22
10 22
11 22
17 22
18 22
20 22
2 23
4 23
6 23
11 23
13 23
19 23
4 24
5 24
12 24
15 24
17 24
18 24
1 25
3 25
10 25
13 25
15 25
16 25
17 25
10 26
12 26
15 26
17 26
19 26
20 26
1 27
2 27
3 27
5 27
7 27
9 27
12 27
13 27
2 28
4 28
9 28
10 28
11 28
12 28
19 28
1 29
2 29
5 29
6 29
8 29
10 29
14 29
15 29
20 29
3 30
13 30
17 30
20 30
2 31
3 31
5 31
13 31
1 32
7 32
10 32
13 32
14 32
18 32
7 33
9 33
13 33
2 34
5 34
9 34
14 34
20 34
2 35
4 35
12 35
18 35
20 35
1 36
7 36
11 36
12 36
14 36
17 36
18 36
19 36
20 36
2 37
6 37
11 37
15 37
18 37
20 37
1 38
2 38
6 38
8 38
11 38
18 38
20 38
1 39
2 39
4 39
7 39
9 39
11 39
4 40
6 40
8 40
9 40
10 40
11 40
13 40
15 40
19 40
20 40
