40
9 1
13 1
16 1
23 1
32 1
1 2
4 2
7 2
25 2
26 2
32 2
34 2
5 3
7 3
9 3
12 3
16 3
40 3
1 4
22 4
23 4
27 4
34 4
40 4
28 5
36 5
1 6
2 6
10 6
19 6
20 6
30 6
34 6
36 6
9 7
17 7
21 7
38 7
10 8
12 8
19 8
25 8
27 8
33 8
34 8
35 8
1 9
11 9
16 9
19 9
26 9
35 9
37 9
1 10
4 10
18 10
31 10
12 11
19 11
22 11
29 11
39 11
7 12
23 12
24 12
26 12
28 12
38 12
11 13
12 13
14 13
16 13
18 13
22 13
24 13
25 13
37 13
2 14
8 14
18 14
20 14
23 14
24 14
26 14
27 14
29 14
31 14
33 14
35 14
40 14
4 15
8 15
16 15
17 15
21 15
35 15
39 15
3 16
4 16
13 16
19 16
26 16
32 16
3 17
4 17
7 17
12 17
14 17
30 17
35 17
8 18
9 18
23 18
36 18
37 18
11 19
15 19
17 19
23 19
24 19
25 19
27 19
30 19
31 19
34 19
37 19
4 20
10 20
14 20
21 20
28 20
32 20
34 20
36 20
39 20
12 21
20 21
23 21
25 21
27 21
28 21
34 21
35 21
37 21
16 22
32 22
36 22
40 22
7 23
8 23
13 23
17 23
25 23
35 23
37 23
1 24
6 24
10 24
17 24
19 24
21 24
23 24
31 24
35 24
36 24
39 24
8 25
10 25
24 25
26 25
27 25
28 25
3 26
12 26
14 26
19 26
24 26
33 26
5 27
6 27
10 27
15 27
16 27
18 27
29 27
32 27
34 27
2 28
4 28
5 28
8 28
13 28
16 28
29 28
31 28
37 28
7 29
8 29
32 29
40 29
6 30
7 30
8 30
25 30
27 30
31 30
36 30
37 30
39 30
1 31
3 31
4 31
11 31
16 31
33 31
39 31
1 32
2 32
21 32
24 32
28 32
35 32
36 32
38 32
39 32
1 33
12 33
17 33
2 34
4 34
6 34
8 34
14 34
26 34
27 34
31 34
35 34
38 34
3 35
12 35
13 35
14 35
27 35
30 35
39 35
40 35
3 36
6 36
12 36
18 36
23 36
25 36
31 36
34 36
6 37
14 37
17 37
18 37
21 37
27 37
29 37
30 37
31 37
35 37
5 38
11 38
13 38
14 38
17 38
23 38
27 38
31 38
32 38
37 38
3 39
7 39
13 39
19 39
24 39
26 39
38 39
40 39
8 40
16 40
18 40
21 40
22 40
31 40
