40
6 1
8 1
12 1
14 1
19 1
20 1
26 1
28 1
30 1
31 1
39 1
1 2
4 2
5 2
7 2
9 2
16 2
17 2
20 2
25 2
26 2
27 2
28 2
33 2
37 2
40 2
5 3
8 3
11 3
13 3
20 3
21 3
24 3
25 3
32 3
34 3
36 3
3 4
8 4
21 4
24 4
25 4
29 4
38 4
2 5
6 5
13 5
19 5
20 5
27 5
28 5
29 5
32 5
33 5
35 5
37 5
39 5
40 5
1 6
2 6
8 6
11 6
12 6
13 6
19 6
25 6
30 6
35 6
37 6
38 6
40 6
2 7
6 7
17 7
19 7
25 7
30 7
36 7
37 7
40 7
1 8
9 8
10 8
12 8
13 8
15 8
19 8
27 8
35 8
38 8
11 9
12 9
17 9
24 9
27 9
30 9
31 9
32 9
38 9
39 9
5 10
8 10
15 10
17 10
18 10
25 10
38 10
39 10
7 11
9 11
10 11
13 11
16 11
21 11
23 11
25 11
32 11
1 12
4 12
18 12
19 12
24 12
26 12
27 12
28 12
33 12
34 12
36 12
39 12
2 13
3 13
5 13
6 13
8 13
9 13
15 13
18 13
25 13
28 13
29 13
31 13
34 13
36 13
37 13
39 13
2 14
16 14
24 14
29 14
31 14
3 15
4 15
7 15
12 15
18 15
31 15
33 15
39 15
5 16
8 16
12 16
13 16
14 16
21 16
26 16
28 16
31 16
32 16
34 16
36 16
8 17
18 17
21 17
27 17
33 17
34 17
39 17
9 18
10 18
13 18
14 18
22 18
23 18
29 18
36 18
38 18
40 18
5 19
6 19
15 19
22 19
29 19
30 19
31 19
1 20
2 20
6 20
7 20
8 20
14 20
16 20
19 20
28 20
36 20
1 21
9 21
23 21
24 21
31 21
34 21
36 21
37 21
39 21
3 22
6 22
10 22
16 22
24 22
25 22
27 22
30 22
31 22
32 22
40 22
1 23
3 23
11 23
13 23
19 23
20 23
26 23
27 23
28 23
31 23
32 23
34 23
35 23
36 23
1 24
3 24
4 24
5 24
20 24
21 24
23 24
25 24
26 24
33 24
37 24
4 25
6 25
8 25
18 25
28 25
31 25
33 25
37 25
1 26
10 26
13 26
14 26
15 26
18 26
21 26
22 26
23 26
32 26
34 26
38 26
1 27
3 27
7 27
17 27
18 27
23 27
25 27
26 27
29 27
33 27
37 27
39 27
1 28
3 28
14 28
17 28
21 28
27 28
32 28
35 28
18 29
20 29
25 29
26 29
27 29
30 29
35 29
37 29
3 30
8 30
10 30
14 30
15 30
19 30
25 30
3 31
7 31
9 31
17 31
27 31
28 31
32 31
33 31
34 31
35 31
39 31
3 32
7 32
11 32
17 32
18 32
22 32
23 32
26 32
38 32
7 33
11 33
15 33
16 33
18 33
19 33
23 33
34 33
36 33
37 33
4 34
8 34
16 34
17 34
18 34
25 34
27 34
31 34
33 34
35 34
36 34
40 34
2 35
4 35
7 35
10 35
11 35
17 35
18 35
20 35
22 35
23 35
24 35
27 35
28 35
30 35
31 35
32 35
36 35
38 35
40 35
5 36
12 36
13 36
14 36
19 36
21 36
23 36
26 36
29 36
33 36
34 36
35 36
4 37
5 37
9 37
10 37
13 37
19 37
21 37
22 37
25 37
28 37
33 37
35 37
36 37
38 37
1 38
11 38
12 38
15 38
16 38
18 38
20 38
23 38
25 38
26 38
27 38
37 38
2 39
10 39
12 39
16 39
20 39
25 39
28 39
32 39
38 39
4 40
5 40
14 40
18 40
20 40
25 40
27 40
31 40
32 40
33 40
39 40
