40
10 1
14 1
15 1
26 1
34 1
35 1
36 1
1 2
5 2
7 2
8 2
13 2
17 2
18 2
19 2
20 2
31 2
32 2
34 2
35 2
40 2
4 3
6 3
10 3
16 3
22 3
26 3
27 3
31 3
33 3
36 3
15 4
17 4
18 4
29 4
36 4
38 4
39 4
2 5
6 5
8 5
15 5
26 5
29 5
31 5
40 5
11 6
12 6
14 6
15 6
16 6
21 6
27 6
29 6
30 6
4 7
5 7
13 7
15 7
21 7
26 7
29 7
36 7
39 7
1 8
2 8
5 8
6 8
9 8
10 8
12 8
20 8
21 8
24 8
30 8
31 8
32 8
39 8
3 9
7 9
8 9
22 9
5 10
7 10
8 10
9 10
12 10
13 10
16 10
27 10
29 10
31 10
38 10
40 10
4 11
8 11
10 11
14 11
15 11
22 11
23 11
39 11
40 11
15 12
17 12
19 12
28 12
29 12
4 13
7 13
16 13
17 13
24 13
4 14
5 14
17 14
20 14
28 14
31 14
37 14
40 14
1 15
5 15
9 15
12 15
22 15
34 15
37 15
38 15
4 16
7 16
9 16
22 16
27 16
32 16
7 17
11 17
23 17
32 17
39 17
2 18
5 18
10 18
11 18
15 18
31 18
32 18
1 19
8 19
17 19
24 19
29 19
33 19
34 19
39 19
4 20
10 20
11 20
13 20
23 20
26 20
28 20
33 20
37 20
40 20
3 21
4 21
11 21
17 21
19 21
22 21
30 21
33 21
36 21
40 21
7 22
12 22
4 23
5 23
8 23
12 23
16 23
19 23
22 23
28 23
29 23
31 23
38 23
1 24
2 24
5 24
7 24
19 24
26 24
27 24
33 24
34 24
38 24
9 25
10 25
12 25
24 25
29 25
35 25
39 25
5 26
9 26
11 26
14 26
23 26
35 26
3 27
5 27
7 27
16 27
18 27
21 27
26 27
39 27
9 28
10 28
12 28
18 28
19 28
20 28
24 28
37 28
40 28
12 29
17 29
20 29
22 29
26 29
30 29
40 29
1 30
6 30
11 30
12 30
20 30
22 30
25 30
26 30
27 30
31 30
38 30
1 31
8 31
9 31
13 31
24 31
4 32
6 32
9 32
17 32
27 32
35 32
36 32
3 33
5 33
10 33
19 33
20 33
31 33
35 33
36 33
38 33
4 34
19 34
20 34
27 34
31 34
37 34
40 34
1 35
15 35
17 35
28 35
30 35
4 36
9 36
14 36
16 36
23 36
28 36
31 36
32 36
3 37
5 37
12 37
14 37
15 37
16 37
18 37
32 37
34 37
3 38
5 38
6 38
16 38
23 38
24 38
28 38
30 38
33 38
7 39
16 39
17 39
22 39
27 39
29 39
31 39
33 39
37 39
38 39
40 39
1 40
5 40
8 40
15 40
22 40
26 40
32 40
36 40
37 40
