40
4 1
9 1
12 1
16 1
21 1
32 1
39 1
3 2
5 2
11 2
12 2
17 2
18 2
20 2
27 2
30 2
31 2
40 2
10 3
21 3
27 3
35 3
37 3
1 4
6 4
24 4
32 4
40 4
2 5
4 5
11 5
14 5
15 5
22 5
24 5
25 5
26 5
32 5
34 5
36 5
37 5
38 5
4 6
7 6
8 6
17 6
22 6
23 6
26 6
2 7
13 7
15 7
16 7
21 7
22 7
24 7
25 7
28 7
29 7
35 7
2 8
5 8
6 8
18 8
19 8
21 8
27 8
35 8
38 8
40 8
2 9
3 9
10 9
17 9
23 9
24 9
30 9
31 9
35 9
36 9
39 9
3 10
5 10
7 10
9 10
13 10
18 10
21 10
23 10
27 10
35 10
38 10
3 11
4 11
5 11
7 11
13 11
15 11
20 11
28 11
29 11
31 11
34 11
35 11
37 11
38 11
3 12
4 12
9 12
13 12
17 12
26 12
28 12
35 12
39 12
1 13
3 13
4 13
6 13
9 13
11 13
19 13
24 13
34 13
40 13
4 14
6 14
7 14
10 14
12 14
13 14
31 14
35 14
37 14
40 14
2 15
3 15
13 15
22 15
31 15
38 15
40 15
3 16
5 16
8 16
12 16
14 16
18 16
22 16
23 16
29 16
30 16
33 16
34 16
36 16
38 16
7 17
8 17
19 17
21 17
27 17
34 17
39 17
4 18
6 18
23 18
24 18
25 18
29 18
39 18
5 19
12 19
13 19
21 19
23 19
27 19
32 19
37 19
10 20
25 20
32 20
35 20
40 20
5 21
6 21
8 21
9 21
16 21
17 21
22 21
25 21
27 21
29 21
31 21
36 21
4 22
7 22
15 22
17 22
33 22
34 22
37 22
39 22
10 23
30 23
4 24
5 24
7 24
12 24
15 24
18 24
20 24
22 24
23 24
30 24
40 24
7 25
1 26
3 26
5 26
15 26
17 26
27 26
30 26
32 26
10 27
11 27
15 27
17 27
20 27
21 27
34 27
2 28
6 28
8 28
12 28
13 28
16 28
17 28
31 28
33 28
5 29
10 29
11 29
13 29
19 29
24 29
28 29
31 29
35 29
36 29
38 29
3 30
6 30
7 30
9 30
10 30
16 30
24 30
28 30
29 30
35 30
36 30
6 31
9 31
20 31
25 31
29 31
30 31
33 31
37 31
39 31
2 32
5 32
6 32
9 32
12 32
18 32
19 32
22 32
24 32
37 32
39 32
1 33
16 33
19 33
26 33
30 33
32 33
36 33
39 33
2 34
8 34
39 34
4 35
7 35
11 35
12 35
14 35
22 35
25 35
29 35
31 35
36 35
4 36
5 36
26 36
32 36
3 37
4 37
5 37
8 37
11 37
27 37
1 38
2 38
4 38
5 38
8 38
10 38
12 38
24 38
26 38
32 38
39 38
9 39
12 39
13 39
18 39
25 39
29 39
34 39
35 39
36 39
5 40
9 40
17 40
18 40
20 40
24 40
27 40
33 40
36 40
38 40
39 40
