40
6 2
17 2
35 2
10 3
21 3
15 4
26 4
37 4
2 5
4 5
9 5
17 5
3 6
35 6
8 7
37 7
2 8
11 8
23 8
32 8
15 9
17 9
40 9
8 10
12 10
16 10
26 10
34 10
35 10
16 11
17 11
20 11
28 11
25 12
28 12
33 12
2 13
5 13
28 13
33 13
40 13
27 14
28 14
33 14
36 14
38 14
2 15
18 15
39 15
2 16
22 16
26 16
35 16
6 17
23 17
26 17
19 18
29 18
6 19
23 19
13 20
27 20
30 20
2 21
12 21
22 21
35 21
6 22
11 22
23 22
26 22
27 22
4 23
29 23
5 24
9 24
16 24
17 24
31 24
32 24
34 24
6 25
24 25
16 26
25 26
38 26
19 27
23 27
15 28
18 28
24 28
27 28
2 29
8 29
24 29
30 29
32 29
38 29
25 30
1 31
12 31
22 31
35 31
36 31
4 32
6 32
12 33
23 33
27 33
20 34
21 34
23 34
38 34
40 34
17 35
32 35
6 36
33 36
22 37
24 37
36 37
9 38
15 38
37 38
10 39
19 39
30 39
10 40
15 40
16 40
25 40
