40
2 1
6 1
10 1
11 1
19 1
22 1
28 1
30 1
37 1
4 2
6 2
11 2
12 2
21 2
32 2
35 2
38 2
40 2
1 3
2 3
4 3
5 3
11 3
14 3
19 3
24 3
33 3
34 3
36 3
9 4
10 4
13 4
14 4
19 4
21 4
23 4
34 4
35 4
37 4
38 4
1 5
6 5
10 5
12 5
14 5
15 5
21 5
23 5
25 5
26 5
31 5
33 5
34 5
38 5
5 6
7 6
12 6
19 6
20 6
26 6
33 6
39 6
40 6
9 7
20 7
29 7
32 7
33 7
36 7
39 7
1 8
2 8
4 8
12 8
15 8
18 8
22 8
23 8
31 8
35 8
37 8
38 8
39 8
5 9
6 9
17 9
19 9
20 9
23 9
26 9
27 9
35 9
39 9
40 9
7 10
12 10
15 10
19 10
24 10
26 10
27 10
29 10
33 10
35 10
39 10
7 11
10 11
14 11
15 11
19 11
25 11
31 11
33 11
34 11
40 11
1 12
2 12
4 12
15 12
17 12
21 12
28 12
29 12
30 12
39 12
4 13
15 13
19 13
20 13
24 13
33 13
5 14
6 14
8 14
10 14
11 14
19 14
23 14
29 14
33 14
35 14
36 14
38 14
2 15
4 15
22 15
31 15
39 15
5 16
7 16
21 16
23 16
29 16
34 16
36 16
14 17
15 17
19 17
24 17
27 17
34 17
35 17
36 17
37 17
10 18
16 18
29 18
32 18
37 18
38 18
1 19
6 19
8 19
12 19
16 19
23 19
25 19
29 19
31 19
3 20
6 20
10 20
12 20
16 20
18 20
26 20
29 20
31 20
32 20
34 20
35 20
1 21
4 21
5 21
7 21
10 21
15 21
25 21
31 21
32 21
34 21
36 21
37 21
40 21
2 22
6 22
8 22
14 22
21 22
26 22
36 22
5 23
7 23
25 23
29 23
36 23
40 23
4 24
5 24
11 24
16 24
18 24
21 24
22 24
26 24
2 25
5 25
6 25
8 25
28 25
30 25
33 25
35 25
9 26
12 26
18 26
19 26
22 26
24 26
25 26
27 26
34 26
37 26
40 26
3 27
4 27
6 27
12 27
14 27
15 27
17 27
29 27
30 27
35 27
2 28
3 28
6 28
11 28
12 28
14 28
24 28
26 28
27 28
35 28
40 28
2 29
6 29
14 29
15 29
22 29
23 29
33 29
35 29
40 29
12 30
15 30
19 30
22 30
23 30
26 30
27 30
32 30
33 30
3 31
8 31
11 31
12 31
15 31
19 31
21 31
26 31
36 31
37 31
1 32
4 32
7 32
9 32
10 32
11 32
13 32
14 32
15 32
16 32
18 32
21 32
34 32
1 33
3 33
7 33
8 33
11 33
14 33
22 33
35 33
38 33
1 34
8 34
9 34
10 34
13 34
17 34
20 34
24 34
32 34
33 34
10 35
11 35
16 35
17 35
23 35
24 35
27 35
29 35
36 35
3 36
9 36
10 36
12 36
19 36
29 36
37 36
38 36
2 37
10 37
12 37
25 37
30 37
33 37
35 37
11 38
15 38
18 38
27 38
29 38
30 38
32 38
36 38
7 39
8 39
9 39
12 39
14 39
24 39
31 39
32 39
2 40
5 40
8 40
26 40
34 40
36 40
37 40
38 40
