40
4 1
10 1
13 1
22 1
24 1
25 1
26 1
28 1
31 1
38 1
39 1
4 2
11 2
14 2
15 2
19 2
20 2
23 2
24 2
25 2
27 2
29 2
31 2
32 2
33 2
35 2
39 2
40 2
6 3
9 3
13 3
15 3
19 3
21 3
23 3
26 3
31 3
33 3
2 4
3 4
5 4
6 4
12 4
13 4
24 4
29 4
3 5
4 5
16 5
17 5
19 5
20 5
25 5
26 5
27 5
35 5
37 5
39 5
9 6
10 6
11 6
16 6
20 6
30 6
32 6
33 6
34 6
35 6
4 7
6 7
9 7
17 7
19 7
21 7
22 7
26 7
29 7
33 7
34 7
37 7
4 8
5 8
6 8
14 8
16 8
19 8
22 8
23 8
24 8
28 8
34 8
36 8
16 9
20 9
21 9
32 9
34 9
38 9
39 9
1 10
2 10
4 10
5 10
6 10
15 10
19 10
28 10
30 10
32 10
3 11
5 11
10 11
14 11
17 11
18 11
22 11
24 11
32 11
33 11
39 11
4 12
10 12
13 12
17 12
19 12
20 12
22 12
31 12
33 12
34 12
36 12
39 12
40 12
1 13
6 13
8 13
10 13
11 13
14 13
16 13
17 13
18 13
19 13
22 13
26 13
27 13
29 13
35 13
38 13
1 14
5 14
7 14
16 14
21 14
26 14
28 14
29 14
36 14
10 15
22 15
28 15
29 15
31 15
33 15
35 15
36 15
40 15
10 16
15 16
19 16
20 16
25 16
32 16
36 16
7 17
13 17
19 17
20 17
22 17
23 17
27 17
29 17
32 17
35 17
37 17
40 17
5 18
8 18
14 18
19 18
23 18
25 18
26 18
28 18
32 18
38 18
39 18
40 18
3 19
4 19
8 19
15 19
17 19
21 19
31 19
33 19
5 20
11 20
13 20
14 20
22 20
23 20
30 20
32 20
34 20
39 20
6 21
8 21
11 21
13 21
17 21
19 21
20 21
27 21
29 21
33 21
34 21
37 21
40 21
9 22
24 22
25 22
30 22
37 22
38 22
40 22
3 23
10 23
12 23
13 23
14 23
15 23
21 23
22 23
24 23
25 23
33 23
4 24
9 24
16 24
17 24
20 24
21 24
27 24
31 24
33 24
36 24
39 24
40 24
1 25
24 25
26 25
29 25
31 25
33 25
38 25
39 25
19 26
23 26
29 26
32 26
39 26
1 27
24 27
28 27
39 27
40 27
9 28
14 28
23 28
26 28
34 28
36 28
4 29
5 29
8 29
10 29
21 29
26 29
28 29
31 29
40 29
1 30
3 30
11 30
12 30
15 30
16 30
19 30
23 30
27 30
35 30
39 30
10 31
13 31
15 31
16 31
17 31
19 31
26 31
29 31
33 31
35 31
39 31
9 32
13 32
17 32
18 32
20 32
35 32
36 32
39 32
1 33
4 33
6 33
7 33
9 33
21 33
28 33
31 33
36 33
3 34
5 34
9 34
12 34
13 34
15 34
20 34
26 34
30 34
32 34
33 34
36 34
37 34
3 35
6 35
14 35
15 35
17 35
30 35
33 35
8 36
11 36
12 36
13 36
16 36
18 36
23 36
25 36
27 36
35 36
40 36
4 37
6 37
8 37
32 37
33 37
36 37
40 37
15 38
22 38
25 38
26 38
28 38
30 38
33 38
40 38
2 39
5 39
6 39
9 39
11 39
12 39
17 39
19 39
21 39
23 39
25 39
28 39
29 39
31 39
34 39
40 39
3 40
4 40
5 40
8 40
9 40
12 40
13 40
16 40
19 40
21 40
22 40
31 40
32 40
36 40
39 40
