40
8 1
11 1
12 1
15 1
22 1
25 1
29 1
40 1
29 2
36 2
10 3
17 3
21 3
22 3
32 3
2 4
8 4
16 4
18 4
25 4
26 4
40 4
11 5
28 5
30 5
39 5
3 6
7 6
26 6
2 7
5 7
10 7
12 7
19 7
31 7
32 7
35 7
39 7
40 7
4 8
6 8
16 8
21 8
23 8
24 8
32 8
34 8
40 8
4 9
7 9
40 9
1 10
2 10
3 10
6 10
9 10
17 10
20 10
21 10
27 10
40 10
3 11
13 11
15 11
20 11
23 11
38 11
14 12
18 12
30 12
39 12
14 13
15 13
17 13
2 14
4 14
7 14
15 14
18 14
28 14
30 14
38 14
4 15
14 15
26 15
37 15
1 16
19 16
21 16
29 16
39 16
4 17
22 17
30 17
36 17
39 17
1 18
12 18
16 18
25 18
30 18
32 18
33 18
4 19
10 19
21 19
25 19
30 19
36 19
8 20
9 20
15 20
18 20
34 20
1 21
16 21
19 21
28 21
36 21
2 22
7 22
9 22
11 22
17 22
19 22
20 22
30 22
32 22
35 22
1 23
5 23
8 23
14 23
18 23
20 23
27 23
34 23
4 24
6 24
25 24
27 24
28 24
33 24
34 24
1 25
7 25
11 25
12 25
19 25
20 25
21 25
22 25
32 25
34 25
37 25
3 26
5 26
9 26
17 26
27 26
35 26
36 26
1 27
2 27
6 27
11 27
23 27
24 27
33 27
37 27
40 27
14 28
16 28
17 28
19 28
20 28
22 28
25 28
26 28
40 28
3 29
7 29
11 29
20 29
23 29
24 29
36 29
5 30
8 30
11 30
14 30
16 30
17 30
24 30
25 30
33 30
34 30
35 30
3 31
5 31
7 31
10 31
12 31
17 31
21 31
24 31
29 31
33 31
40 31
1 32
6 32
8 32
9 32
14 32
21 32
23 32
26 32
36 32
6 33
11 33
14 33
27 33
35 33
38 33
1 34
2 34
8 34
17 34
20 34
28 34
40 34
2 35
10 35
16 35
19 35
25 35
34 35
36 35
1 36
5 36
16 36
20 36
25 36
27 36
34 36
37 36
7 37
12 37
20 37
22 37
36 37
40 37
3 38
5 38
9 38
16 38
27 38
29 38
33 38
10 39
12 39
22 39
24 39
36 39
1 40
7 40
9 40
12 40
14 40
34 40
39 40
